             epoch single_multi          MJD       JYear num_frames_all strehl_mean_all strehl_mean_combo strehl_std_all strehl_med_all strehl_mad_all fwhm_mean_all fwhm_std_all fwhm_med_all fwhm_mad_all num_frames_combo strehl_std_combo strehl_med_combo strehl_mad_combo fwhm_mean_combo fwhm_std_combo fwhm_med_combo fwhm_mad_combo      weighted_DIMM       weighted_MASS
------------------ ------------ ------------ ----------- -------------- --------------- ----------------- -------------- -------------- -------------- ------------- ------------ ------------ ------------ ---------------- ---------------- ---------------- ---------------- --------------- -------------- -------------- -------------- ------------------ -------------------
     20050630nirc2 single_night 53551.393713 2005.494576             10         0.35950           0.36000        0.04771        0.35250        0.03950      61.85600      3.42358     61.43500      1.52000               10          0.04712          0.35000          0.03500        61.85600        3.42358       61.43500        1.52000               -1.0                -1.0
     20050730nirc2 single_night 53581.328932 2005.576534             27         0.12989           0.13950        0.02346        0.13200        0.01800     100.92037     15.52485     97.74000      9.16000               20          0.01564          0.14000          0.01000        93.43950        6.10615       93.83500        5.73000               -1.0                -1.0
     20050731nirc2 single_night 53582.332587 2005.579282             32         0.39106           0.39094        0.02962        0.39100        0.02400      57.25562      1.93341     57.36000      1.30000               32          0.02865          0.39000          0.02000        57.25562        1.93341       57.36000        1.30000               -1.0                -1.0
     20060502nirc2 single_night 53857.544656 2006.332771             24         0.11408           0.14091        0.03152        0.11600        0.02050     106.79000     17.94160    102.22500     10.03500               11          0.01832          0.14000          0.01000        92.70091        5.75943       94.66000        3.77000               -1.0                -1.0
     20060503nirc2 single_night 53858.511859 2006.335419            127         0.35502           0.37794        0.06920        0.36800        0.04100      60.18102      7.57587     58.05000      2.57000              107          0.04329          0.38000          0.03000        57.44196        2.92954       57.22000        1.87000               -1.0                -1.0
     20060521nirc2 single_night 53876.452724 2006.384539              9         0.27056           0.28000        0.05308        0.26100        0.05300      67.70889      8.03946     66.51000      3.74000                8          0.04583          0.27500          0.03500        65.26625        4.36047       65.90000        4.11000               -1.0                -1.0
20060620_0621nirc2  multi_night 53907.195083 2006.468707            289         0.31313           0.38821        0.09424        0.33100        0.07800      66.08104     12.15896     61.08000      6.34000              156          0.04401          0.38000          0.03000        56.86141        2.78073       56.95000        1.90000               -1.0                -1.0
     20060620nirc2 single_night 53906.392901 2006.466510            125         0.25268           0.32827        0.07654        0.24200        0.05900      72.84056     12.81097     71.57000      9.58000               52          0.03827          0.34000          0.03000        60.82500        3.79023       59.80500        2.62000               -1.0                -1.0
     20060621nirc2 single_night 53907.410868 2006.469297            164         0.35921           0.40143        0.07922        0.37900        0.04350      60.92896      8.60592     57.51000      3.06500              119          0.03946          0.40000          0.03000        56.27336        2.71455       56.09000        1.66000               -1.0                -1.0
     20060717nirc2 single_night 53933.343914 2006.540298             70         0.38371           0.39500        0.05726        0.38750        0.03750      58.85457      5.62083     57.77000      2.96000               64          0.04341          0.39500          0.03500        57.48859        3.34069       57.39500        2.70000               -1.0                -1.0
     20070517nirc2 single_night 54237.550658 2007.373171            101         0.33637           0.38289        0.09569        0.36400        0.05900      63.71059     10.61931     59.09000      3.56000               76          0.05101          0.39000          0.03500        58.28474        3.29302       57.62500        1.93000               -1.0                -1.0
20070810_0812nirc2  multi_night 54323.777766 2007.609248            139         0.27124           0.33700        0.09170        0.26100        0.08200      64.45381      9.48889     62.81000      7.08000               80          0.05758          0.34000          0.04000        57.61913        3.62897       57.08000        3.18000               -1.0                -1.0
     20070810nirc2 single_night 54322.314561 2007.605242             79         0.20990           0.25833        0.05810        0.20500        0.04500      69.48658      8.37671     68.69000      5.56000               36          0.04356          0.25500          0.03500        62.48944        3.46194       63.04500        2.75500               -1.0                -1.0
     20070812nirc2 single_night 54324.304112 2007.610689             60         0.35200           0.36722        0.05965        0.35750        0.02500      57.82733      6.24029     55.74000      2.11000               54          0.03851          0.36000          0.02000        56.03500        2.87658       55.33500        1.75000               -1.0                -1.0
     20080515nirc2 single_night 54601.491526 2008.369587            138         0.31686           0.31933        0.05651        0.30750        0.03400      53.43196      2.72818     53.09500      1.56500              135          0.05558          0.31000          0.03000        53.19615        2.22440       52.94000        1.52000               -1.0                -1.0
     20080724nirc2 single_night 54671.322555 2008.560774            179         0.30998           0.35865        0.07185        0.31600        0.05100      65.13587     10.40449     62.66000      6.35000              104          0.04225          0.35500          0.03000        58.33577        3.28911       58.29500        2.84000               -1.0                -1.0
20090501_0504nirc2  multi_night 54953.995330 2009.334689            311         0.35026           0.41238        0.07450        0.34500        0.05400      63.19161      7.61261     62.75000      5.41000              151          0.04727          0.40000          0.03000        56.90179        3.54800       57.50000        2.91000               -1.0                -1.0
     20090501nirc2 single_night 54952.543417 2009.330714            200         0.31548           0.34421        0.05557        0.31350        0.03850      66.77655      6.34176     66.27500      4.29000              133          0.03976          0.34000          0.03000        63.24150        3.39281       63.22000        2.83000               -1.0                -1.0
     20090502nirc2 single_night 54953.517016 2009.333380             54         0.37448           0.38490        0.05338        0.38250        0.04150      59.61778      4.97820     58.29500      3.35500               49          0.04450          0.39000          0.03000        58.53000        3.70976       57.70000        2.80000               -1.0                -1.0
     20090504nirc2 single_night 54955.552413 2009.338953             57         0.44939           0.45214        0.04599        0.45300        0.02900      53.99860      3.14551     53.13000      1.75000               56          0.04225          0.45500          0.02500        53.77589        2.69145       53.09000        1.70500               -1.0                -1.0
20090722_0724nirc2  multi_night 55036.265374 2009.559933            184         0.24509           0.29451        0.05729        0.24100        0.04300      69.05353      9.16155     67.82000      6.14000               82          0.03690          0.29000          0.02000        61.19524        3.21088       61.29500        2.67000               -1.0                -1.0
     20090722nirc2 single_night 55034.306024 2009.554568             34         0.21674           0.22448        0.03223        0.21850        0.02200      75.80059      6.21836     75.45000      3.86000               29          0.02513          0.23000          0.02000        73.89552        4.33670       73.41000        3.10000               -1.0                -1.0
     20090724nirc2 single_night 55036.330481 2009.560111            150         0.25151           0.29595        0.05973        0.25450        0.04200      67.52420      9.02978     65.57000      5.39500               79          0.03665          0.29000          0.02000        61.02203        3.13940       60.94000        2.65000               -1.0                -1.0
     20090909nirc2 single_night 55083.249400 2009.688568             55         0.33222           0.37114        0.10002        0.34200        0.05800      66.76182     23.84686     61.29000      4.75000               44          0.05254          0.38000          0.04000        59.74045        4.15177       58.14000        3.18500               -1.0                -1.0
20100504_0505nirc2  multi_night 55320.952314 2010.339363            219         0.30285           0.34082        0.07345        0.32700        0.03800      67.22712     12.30938     62.68000      3.68000              158          0.03495          0.34000          0.02000        61.22911        3.02604       60.91000        2.13000 0.6922838628443755 0.17117182660966326
     20100504nirc2 single_night 55320.545461 2010.338249            140         0.29320           0.32991        0.07571        0.31800        0.03850      69.16707     13.68114     63.92500      3.89000              106          0.03617          0.33000          0.02000        62.74302        3.21040       62.45000        2.46000 0.7417789635454418 0.16984798185896338
     20100505nirc2 single_night 55321.583111 2010.341090             79         0.31996           0.35167        0.06589        0.34200        0.03400      63.78924      8.35765     60.64000      2.85000               60          0.03484          0.35500          0.02500        59.56033        2.59363       59.70000        1.85000  0.624039328976986 0.17435961547628642
     20100706nirc2 single_night 55383.351312 2010.510202            136         0.32401           0.33900        0.04670        0.33000        0.03000      62.83743      5.41844     61.86000      3.09000              110          0.03593          0.34000          0.02000        60.88136        3.20206       60.62000        2.26500 0.5388329018677726 0.25413677907494925
     20100815nirc2 single_night 55423.283532 2010.619531            143         0.30546           0.31543        0.04182        0.31800        0.02400      59.90378      4.56720     58.64000      2.48000              127          0.03296          0.32000          0.02000        58.68291        3.09117       58.36000        2.20000 0.4587708304920143 0.14844780227524002
     20110527nirc2 single_night 55708.505184 2011.400425            164         0.27618           0.30735        0.06345        0.28200        0.04950      69.77189     10.95973     66.11000      5.45000              117          0.04125          0.31000          0.03000        64.37581        4.14768       63.89000        3.09000               -1.0                -1.0
     20110718nirc2 single_night 55760.343774 2011.542351            212         0.28064           0.29799        0.04760        0.28150        0.02850      60.63835      6.90817     59.38500      3.59000              164          0.03124          0.30000          0.02000        57.96415        3.30437       57.87000        2.53500  0.695707492543437 0.14214889663741326
20110823_0824nirc2  multi_night 55796.727607 2011.641965            218         0.35001           0.35863        0.04753        0.35150        0.03350      61.04289      4.07396     60.59500      2.74500              197          0.04189          0.36000          0.03000        60.17985        3.17899       60.12000        2.43000 0.6519003686574494 0.24077292908595518
     20110823nirc2 single_night 55796.280173 2011.640740            108         0.37574           0.38127        0.04176        0.37950        0.02550      60.11185      4.18635     59.46500      2.77000              102          0.03728          0.38000          0.02000        59.51167        3.37096       59.22500        2.56500 0.7272241533246484     0.2530840696171
     20110824nirc2 single_night 55797.274578 2011.643462            110         0.32475           0.32951        0.03844        0.32750        0.02800      61.95700      3.74154     61.58500      2.63500              102          0.03563          0.33000          0.02500        61.35784        3.18039       61.46500        2.35000 0.5564914991756754 0.22393945077248617
20120515_0518nirc2  multi_night 56062.838550 2012.370537            290         0.31048           0.33520        0.05028        0.31100        0.03500      62.70417      6.30583     61.46500      4.06000              202          0.03589          0.33000          0.03000        59.33564        2.96266       59.61000        2.36500               -1.0                -1.0
     20120515nirc2 single_night 56062.518869 2012.369662            207         0.32554           0.33617        0.04417        0.32500        0.03100      60.06333      3.93893     59.77000      2.70000              180          0.03718          0.33000          0.03000        58.98006        2.89196       59.07500        2.13500               -1.0                -1.0
     20120518nirc2 single_night 56065.493841 2012.377807             83         0.27292           0.28559        0.04462        0.27000        0.02400      69.29036      6.28229     68.67000      4.36000               68          0.03583          0.28000          0.02000        67.26647        4.12993       67.51000        3.47000               -1.0                -1.0
     20120724nirc2 single_night 56132.310690 2012.560741            226         0.33796           0.37439        0.07411        0.35100        0.04800      62.80938      8.06366     59.71000      4.22000              164          0.04592          0.37000          0.03000        58.62378        3.34727       58.02500        2.13000 0.6369880264490285 0.18107116792253175
20130426_0427nirc2  multi_night 56409.019376 2013.318328            267         0.23313           0.28126        0.06052        0.24400        0.04400      75.57240     12.00905     72.48000      7.67000              135          0.03114          0.28000          0.02000        66.41348        3.40265       66.24000        2.89000 0.7422174304553605 0.22149892127055193
     20130426nirc2 single_night 56408.563418 2013.317080            123         0.23360           0.27547        0.06026        0.25000        0.04400      72.74585     10.55751     68.74000      5.53000               75          0.02999          0.27000          0.02000        65.52640        3.00695       64.81000        2.29000 0.9142174675914213 0.23023707079119615
     20130427nirc2 single_night 56409.565517 2013.319823            144         0.23274           0.27818        0.06074        0.23650        0.04150      77.98674     12.63104     75.12000      7.50000               77          0.03403          0.27000          0.02000        69.02584        4.23519       69.87000        3.27000 0.5468364816169268  0.2220701996543471
     20130720nirc2 single_night 56493.324876 2013.549144            238         0.36305           0.38446        0.06580        0.36050        0.04150      60.44824      6.17567     59.60000      3.80000              195          0.04869          0.38000          0.04000        58.26113        3.63205       58.36000        3.06000               -1.0                -1.0
20140319_0320nirc2  multi_night 56736.631187 2014.215280             40         0.21450           0.29368        0.08380        0.22700        0.08800      84.78250     19.27712     77.71000     15.53000               19          0.03375          0.28000          0.02000        66.52316        4.15700       67.48000        3.41000 0.7422021145576677  0.7834833700972862
     20140319nirc2 single_night 56735.639086 2014.212564             18         0.13011           0.13294        0.01863        0.13100        0.00800     104.68167      7.23239    104.11500      3.78500               17          0.01672          0.13000          0.01000       103.56471        5.73826      104.06000        3.25000 1.3992710666012578  0.8182241845981597
     20140320nirc2 single_night 56736.631187 2014.215280             22         0.28355           0.29368        0.04347        0.27300        0.02000      68.50136      6.61790     68.08000      3.92000               19          0.03375          0.28000          0.02000        66.52316        4.15700       67.48000        3.41000 0.7422021145576677  0.7834833700972862
20140418_0419nirc2  multi_night 56765.608134 2014.294615             23         0.14096           0.22250        0.04394        0.12700        0.01900     107.61739     20.34233    110.49000     12.53000                4          0.01639          0.21500          0.00500        76.64750        3.61035       78.13500        1.05500  1.709564854319164  1.0540174289787327
     20140418nirc2 single_night 56765.608134 2014.294615             15         0.15553           0.22250        0.04724        0.14300        0.03000      99.55000     18.72270     99.36000     11.95000                4          0.01639          0.21500          0.00500        76.64750        3.61035       78.13500        1.05500  1.709564854319164  1.0540174289787327
     20140419nirc2 single_night 56766.634114 2014.297424              8         0.11363           0.12167        0.01485        0.11800        0.01300     122.74375     13.47614    115.92500      5.25000                6          0.01213          0.12000          0.00500       115.90333        7.19750      112.64500        1.97000 1.7213220216629777  1.6924429601708553
     20140512nirc2 single_night 56788.587067 2014.357528              9         0.27189           0.27111        0.04242        0.26400        0.03600      67.72111      4.99801     68.32000      3.72000                9          0.04040          0.26000          0.03000        67.72111        4.99801       68.32000        3.72000 1.3122837739690296  0.3473791898009998
     20140519nirc2 single_night 56796.523829 2014.379258            173         0.30514           0.31831        0.04500        0.31100        0.02700      65.95451      5.56567     64.88000      2.72000              148          0.03030          0.32000          0.02000        64.14155        3.13380       63.89500        2.33000 0.7737172889309946 0.23742200794784443
20140703_0704nirc2  multi_night 56842.007047 2014.503784            261         0.21106           0.27256        0.10050        0.21700        0.05000      81.66031     19.23014     76.91000      7.45000              125          0.03399          0.27000          0.03000        70.42632        3.93584       70.81000        2.83000 0.8815855883819329  0.4266325143569112
     20140703nirc2 single_night 56841.342820 2014.501965             66         0.24633           0.27217        0.05146        0.24250        0.03450      75.29091      8.97236     74.38500      5.31500               46          0.03735          0.27000          0.03000        70.54826        4.48124       71.79500        2.84000 0.8165807913874974 0.26982478204991434
     20140704nirc2 single_night 56842.392042 2014.504838            195         0.19912           0.26860        0.10982        0.20600        0.05300      83.81610     21.19752     79.09000      9.13000               86          0.03383          0.27000          0.03000        70.87895        3.85514       70.86000        2.77500 0.9230331441558098  0.5203738996073647
20140803_0806nirc2  multi_night 56875.117258 2014.594435            187         0.33549           0.37850        0.09061        0.36000        0.05300      64.88754     18.66427     58.36000      3.84000              140          0.04562          0.38000          0.03000        57.15314        3.14709       56.77000        2.19000 0.9877385387701656 0.18790128940868697
     20140803nirc2 single_night 56872.271446 2014.586643             22         0.14614           0.16917        0.03227        0.14600        0.02200     109.62045     21.87373    102.82500     15.74000               12          0.02139          0.17000          0.02000        93.04167        6.23994       92.53000        4.59000 2.2477136462658223   1.685550996606001
     20140804nirc2 single_night 56873.285700 2014.589420             28         0.29018           0.30167        0.05083        0.27900        0.03450      65.09536      5.91503     65.35500      3.35500               24          0.04249          0.29000          0.03000        63.44625        3.98723       64.24500        3.15000 1.2379037060715326   0.437770294155605
     20140805nirc2 single_night 56874.329002 2014.592277             21         0.13262           0.20167        0.05901        0.14500        0.04300     112.75857     60.63657     90.64000     25.48000                6          0.01462          0.19500          0.00500        64.16500        2.78289       63.52500        1.53000  1.505508772500236  0.5411130484261145
     20140806nirc2 single_night 56875.290099 2014.594908            137         0.37516           0.38429        0.05254        0.37800        0.03600      57.66168      4.23702     56.83000      2.31000              126          0.04270          0.39000          0.03000        56.76198        2.92697       56.43500        2.14000 0.9652738494818918 0.16095093860114768
20150331_0402nirc2  multi_night 57113.631874 2015.247452             96         0.23807           0.30538        0.07445        0.23650        0.04900      79.67312     30.95278     73.95500      7.02500               39          0.04156          0.30000          0.02000        65.05436        3.99414       65.62000        3.16000 0.5470113010494551 0.26248938477183337
     20150331nirc2 single_night 57112.613482 2015.244664             59         0.22988           0.27640        0.05024        0.22000        0.03500      76.25627      8.70544     76.41000      5.29000               25          0.03357          0.28000          0.02000        68.32520        4.04396       68.22000        3.35000 0.5066288468956137  0.2886351987820638
     20150401nirc2 single_night 57113.584949 2015.247324             15         0.16953           0.27400        0.09183        0.15100        0.08700     112.76667     65.95157     85.07000     15.88000                5          0.03499          0.25000          0.01000        67.71200        3.65796       69.19000        2.84000 0.7217394091004289 0.18336706137660186
     20150402nirc2 single_night 57114.585827 2015.250064             22         0.30677           0.32824        0.05972        0.30900        0.04200      66.27273      7.36272     64.62500      4.64500               17          0.04232          0.32000          0.03000        63.13118        4.01474       62.95000        3.08000 0.5818286677318322 0.25684542242648634
     20150514nirc2 single_night 57156.532353 2015.364907            100         0.14414           0.19000        0.04020        0.14000        0.03150      96.20090     15.94158     93.36000     11.48000               32          0.02462          0.18500          0.01500        79.69031        4.41729       81.30000        3.01000 0.7110862867207998  0.6671793833243924
20150809_0811nirc2  multi_night 57244.507232 2015.605769            306         0.36229           0.40379        0.07547        0.37100        0.05200      61.79075      7.77920     59.74500      3.91500              203          0.04345          0.40000          0.03000        57.47995        3.21939       57.16000        2.44000               -1.0                -1.0
     20150809nirc2 single_night 57243.297893 2015.602458            106         0.30102           0.34628        0.05929        0.30350        0.04500      67.23726      7.99158     64.99500      4.38000               43          0.03073          0.35000          0.01000        61.83767        2.89039       61.91000        1.54000 0.9200693776935939 0.21224294686084413
     20150810nirc2 single_night 57244.290846 2015.605177            110         0.40158           0.41296        0.05342        0.40200        0.03100      58.17227      5.07591     57.21000      2.47500               98          0.04319          0.41000          0.03000        56.80500        3.17511       56.59000        2.13500 0.6745891575223977 0.32793913383414475
     20150811nirc2 single_night 57245.301944 2015.607945             90         0.38644           0.41423        0.06961        0.40850        0.03250      59.79856      6.64339     57.72500      2.76500               71          0.03368          0.42000          0.02000        56.81831        2.61826       56.43000        1.81000               -1.0                -1.0
     20160503nirc2 single_night 57511.514595 2016.336796            253         0.31601           0.36657        0.08496        0.33300        0.05200      68.37858     14.61939     63.42000      5.17000              166          0.04165          0.36000          0.03000        60.69867        3.52130       60.80500        2.66000 0.5983438363761415 0.24609272587955908
     20160712nirc2 single_night 57581.300247 2016.527858             39         0.16069           0.21500        0.05134        0.14900        0.03900      93.61923     17.81907     90.07000     13.34000               16          0.02398          0.22000          0.02000        76.97187        3.69249       76.61500        3.14000               -1.0                -1.0
     20160713nirc2 single_night 57582.362981 2016.530768            207         0.30304           0.32534        0.04842        0.31000        0.03400      62.54415      7.38148     61.04000      3.44000              148          0.03301          0.33000          0.02000        59.26851        2.96473       59.49500        2.11000 0.6654515501752665 0.20155745815521817
20170504_0505nirc2  multi_night 57878.478323 2017.341488            469         0.29959           0.37658        0.08250        0.30500        0.05900      69.48676     12.25081     66.72000      7.51000              184          0.04033          0.37000          0.03000        58.74875        2.98268       58.46000        2.42500               -1.0                -1.0
     20170504nirc2 single_night 57877.534129 2017.338902            209         0.23795           0.28304        0.06139        0.24500        0.04500      78.33823     11.58190     75.46000      6.71000              115          0.03247          0.28000          0.02000        70.19965        3.91999       70.72000        2.99000               -1.0                -1.0
     20170505nirc2 single_night 57878.523413 2017.341611            260         0.34913           0.37851        0.06114        0.35400        0.03800      62.37154      7.02072     60.85500      3.71500              175          0.04030          0.38000          0.03000        58.53354        2.89567       58.38000        2.29000               -1.0                -1.0
     20170718nirc2 single_night 57952.401631 2017.543879              9         0.28167           0.28222        0.00939        0.28100        0.00900      64.40333      1.91801     64.46000      2.14000                9          0.00916          0.28000          0.01000        64.40333        1.91801       64.46000        2.14000 0.5045198921281377  0.2187605532624946
     20170727nirc2 single_night 57961.300551 2017.568242            114         0.16758           0.20511        0.04193        0.16250        0.02600      88.81658     11.28168     88.56500      7.33500               45          0.02880          0.20000          0.02000        78.28644        4.15185       78.21000        3.84000               -1.0                -1.0
20170808_0811nirc2  multi_night 57976.030605 2017.608571            210         0.33324           0.40784        0.10041        0.34650        0.07600      64.26324     15.44563     59.92000      7.42000              111          0.05152          0.40000          0.04000        54.49279        3.36380       53.67000        2.61000  0.639690445177973 0.21334095372821515
     20170808nirc2 single_night 57973.256324 2017.600976             12         0.13183           0.14889        0.04895        0.12750        0.02550     104.05417     25.00460     96.35500      6.08500                9          0.04040          0.15000          0.02000        92.34667        9.02591       93.33000        4.55000  0.655057644393994  0.5234272904696284
     20170809nirc2 single_night 57974.321323 2017.603891             34         0.31271           0.33435        0.04908        0.31150        0.04400      67.73235      7.48692     67.59000      6.15500               23          0.04074          0.33000          0.03000        63.42913        4.29518       61.84000        3.38000 1.0258510640504483 0.37043826885015724
     20170810nirc2 single_night 57975.285808 2017.606532             63         0.27733           0.33967        0.07644        0.27300        0.05900      68.75349     11.67464     66.35000      6.64000               30          0.04324          0.34000          0.03000        59.66967        3.26586       58.88000        2.65500 1.1697184986826084 0.15287101083759608
     20170811nirc2 single_night 57976.282983 2017.609262            101         0.39895           0.41851        0.07067        0.40500        0.04700      55.56693      6.12286     53.55000      2.53000               87          0.05087          0.43000          0.03000        53.64678        3.21828       52.64000        1.67000 0.5237353771108566  0.2195768460180854
20170823_0826nirc2  multi_night 57989.523780 2017.645513            219         0.30847           0.35795        0.06647        0.31000        0.05100      66.61393      8.47109     65.39000      5.32000              112          0.04289          0.35500          0.02500        60.31982        3.46536       60.93500        2.56000 0.7823026648501228 0.24899123282442664
     20170823nirc2 single_night 57988.268117 2017.642076            116         0.28518           0.32131        0.05649        0.28850        0.04000      69.06853      7.47336     67.90500      4.96500               61          0.04532          0.32000          0.03000        63.60803        3.27996       64.15000        2.20000 0.8761045530484141 0.35969142291952394
     20170824nirc2 single_night 57989.268351 2017.644814             52         0.34588           0.36929        0.06768        0.35300        0.03550      63.38019      9.00932     61.25500      3.69500               42          0.04458          0.37000          0.03000        60.01167        3.50277       60.68000        2.73500 0.8459903337960987 0.19184401765006764
     20170826nirc2 single_night 57991.254787 2017.650253             51         0.32331           0.36000        0.06450        0.33200        0.03500      64.32804      8.29206     63.65000      5.16000               33          0.03717          0.35000          0.03000        59.36667        3.94466       58.93000        3.30000 0.5754685566183826 0.21766527882818357
20180317_0330nirc2  multi_night 58199.344964 2018.219973            147         0.31847           0.42295        0.10241        0.28300        0.06100      69.84816     10.96770     71.02000      9.01000               61          0.06872          0.43000          0.06000        58.89689        3.74832       58.17000        2.79000               -1.0                -1.0
20180317_0524nirc2  multi_night 58199.344964 2018.219973            213         0.29124           0.42295        0.09680        0.26300        0.04400      73.14887     11.38928     73.72000      7.75000               61          0.06872          0.43000          0.06000        58.89689        3.74832       58.17000        2.79000               -1.0                -1.0
     20180317nirc2 single_night 58194.633744 2018.207074             39         0.44628           0.47424        0.07762        0.46400        0.04300      59.83462      8.34862     56.18000      1.73000               33          0.04438          0.48000          0.03000        56.67909        2.48194       55.83000        0.92000               -1.0                -1.0
     20180322nirc2 single_night 58199.621259 2018.220729             59         0.24617           0.25979        0.03824        0.24600        0.02500      76.67712      6.80682     76.26000      4.74000               47          0.02964          0.26000          0.02000        74.21021        4.49163       74.45000        3.64000 0.8293670972415373  0.5591404871469596
     20180330nirc2 single_night 58207.623084 2018.242637             49         0.30380           0.36346        0.07347        0.31400        0.05700      69.59551     10.65761     67.22000      6.35000               26          0.03772          0.37000          0.03000        61.34077        3.47841       61.03000        2.59500 0.9409780318184152 0.22368837363071783
20180519_0524nirc2  multi_night 58261.546466 2018.390271             66         0.23059           0.24434        0.03940        0.23100        0.02550      80.50045      8.50863     79.13500      4.29000               53          0.02872          0.24000          0.02000        77.21774        4.27459       78.09000        2.89000  0.831796046898244  0.7540918800775372
     20180519nirc2 single_night 58257.545727 2018.379318             17         0.21488           0.24909        0.05046        0.22500        0.05000      86.76059     11.92875     83.82000      8.27000               11          0.02610          0.25000          0.02000        78.94455        4.44535       78.42000        3.18000 1.1877291738653435   1.141190842258549
     20180524nirc2 single_night 58262.516879 2018.392928             49         0.23604           0.24209        0.03305        0.23100        0.02200      78.32857      5.46197     79.05000      3.40000               43          0.02961          0.23000          0.02000        77.02605        4.39947       77.99000        3.52000 0.7495697280256636  0.6641169644246031
20190419_0420nirc2  multi_night 58593.567518 2019.299295            292         0.27916           0.36404        0.08286        0.28500        0.06900      72.53596     10.77558     70.60500      7.24500              114          0.03694          0.36000          0.02000        62.51596        3.14239       63.29000        2.21000 1.0210407313579313 0.41412684491629737
     20190419nirc2 single_night 58592.570633 2019.296566            120         0.19867           0.22485        0.03862        0.19900        0.02450      82.04258      8.69330     80.19500      4.20000               66          0.02451          0.22000          0.02000        76.18106        3.55680       77.04000        1.93500 1.2024923792755098  0.5533628540882436
     20190420nirc2 single_night 58593.582151 2019.299335            172         0.33533           0.36527        0.05422        0.33750        0.03450      65.90343      6.11174     65.32000      3.32500              112          0.03608          0.36000          0.02000        62.46455        3.14596       63.24500        2.25500  1.015750122898402  0.4090576113533189
     20190513nirc2 single_night 58616.506785 2019.362099             98         0.32965           0.37118        0.08034        0.34150        0.05550      66.36398      9.68243     63.85500      5.48000               68          0.04717          0.37500          0.03500        61.03471        3.63756       60.10500        2.80000 0.9582046193674464  0.2180917625368533
     20190523nirc2 single_night 58626.497844 2019.389453            177         0.34376           0.36813        0.06297        0.35100        0.03700      63.75616      7.95460     61.83000      3.68000              139          0.04005          0.37000          0.03000        60.55583        3.34829       60.36000        2.58000 0.8336610939907525 0.20023542468818084
     20190625nirc2 single_night 58659.458739 2019.479695             29         0.20138           0.24917        0.04873        0.19300        0.03000      87.19172     11.66953     85.54000      8.26000               12          0.03451          0.24000          0.02000        76.12083        5.16878       75.44000        4.43500 1.0035398091958494  0.7778037315755847
     20190630nirc2 single_night 58664.456980 2019.493380             12         0.38492           0.41600        0.07650        0.40700        0.01900      59.23500      7.41653     56.64000      1.49500               10          0.02245          0.41500          0.01500        56.18900        2.14023       56.04000        1.34500  0.475239349275054 0.17875683529666056
     20190814nirc2 single_night 58709.291742 2019.616131             54         0.25019           0.29441        0.06764        0.27800        0.04450      76.48815     12.69632     71.85500      6.29000               34          0.02922          0.29500          0.01500        68.38176        3.45021       67.39500        2.09000 1.0620431235060954  0.2638978387224862
20190818_0819nirc2  multi_night 58713.883089 2019.628701             37         0.30997           0.31758        0.04716        0.31400        0.04300      67.26162      5.49063     66.31000      4.71000               33          0.04493          0.32000          0.04000        66.13242        4.56631       65.94000        4.17000 0.6109845777825776  0.3112137474921297
     20190818nirc2 single_night 58713.244295 2019.626952             13         0.32531           0.32538        0.04534        0.32600        0.03300      64.35000      3.62569     62.57000      2.96000               13          0.04635          0.33000          0.03000        64.35000        3.62569       62.57000        2.96000 0.6817395452900845   0.504218018487217
     20190819nirc2 single_night 58714.316282 2019.629887             24         0.30167           0.30522        0.04603        0.29000        0.03350      68.83875      5.68126     70.82500      4.08000               23          0.04510          0.30000          0.03000        68.27000        5.09083       70.30000        4.28000 0.5681211272938008  0.1780267927228591
     20200707nirc2 single_night 59037.359042 2020.514330            230         0.26112           0.28462        0.05485        0.26350        0.03600      74.83822     13.20865     72.11500      4.57000              169          0.03626          0.28000          0.03000        70.21911        3.84210       70.29000        3.17000 0.6859502861250909 0.11544458842482601
     20200809nirc2 single_night 59070.309603 2020.604544             61         0.20995           0.25312        0.05824        0.20700        0.04300      78.93590     13.24936     74.66000      7.37000               32          0.03868          0.26000          0.02000        69.23094        3.75396       69.56000        2.92000 0.6978214331857533  0.3784609672575974
     20210429nirc2 single_night 59333.567594 2021.325305            111         0.47327           0.47342        0.04289        0.48400        0.03200      49.22369      1.92248     48.55000      0.92000              111          0.04353          0.48000          0.03000        49.22369        1.92248       48.55000        0.92000 0.7611691121461999 0.12685621804752942
20210513_0514nirc2  multi_night 59348.485125 2021.366147            277         0.24933           0.31586        0.07378        0.25300        0.06000      74.32451     13.32632     72.24000      8.44000              128          0.03411          0.32000          0.02000        63.50094        3.62486       63.19500        2.65500 0.6409893376731979  0.3411718988490881
     20210513nirc2 single_night 59347.537129 2021.363551            117         0.18910           0.22343        0.04696        0.19300        0.03600      84.57145     12.55625     80.41000      6.74000               67          0.02507          0.23000          0.02000        75.81299        3.76630       75.52000        3.23000 0.8854737214432887   0.581778127589424
     20210514nirc2 single_night 59348.523788 2021.366253            160         0.29337           0.31828        0.05674        0.30500        0.03550      66.83144      7.69664     64.24000      3.80000              122          0.03308          0.32000          0.02000        63.21311        3.44875       63.02500        2.50000 0.6281342768832617  0.3246869989067599
20210713_0714nirc2  multi_night 59408.528920 2021.530538            163         0.09625           0.28846        0.31478        0.18000        0.04200      91.44160     50.02071     89.62000      9.68000               13          0.04312          0.26000          0.02000        68.42769        5.19221       71.89000        1.45000 0.9231489951931814  0.5149178896963774
     20210713nirc2 single_night 59408.336554 2021.530011             63         0.20438           0.29800        0.05625        0.20200        0.03700      84.76714     11.24494     84.17000      7.87000               10          0.04490          0.30000          0.04000        67.18300        5.31294       67.73000        4.62000 0.7611699795775725  0.3393961065454962
     20210714nirc2 single_night 59409.338959 2021.532756            100         0.02812           0.22065        0.38407        0.16600        0.04400      95.64650     62.87262     91.03500     10.91000               31          0.02199          0.22000          0.02000        82.41742        5.02407       82.95000        3.47000 1.3624035077771923   0.937290911488771
20210812_0813nirc2  multi_night 59439.166355 2021.614418            148         0.37901           0.39942        0.05920        0.38500        0.03650      61.16385      5.87077     60.29000      3.33500              120          0.04138          0.40000          0.03000        58.97250        3.31196       58.58500        2.45500 0.8917181415628963 0.19333962162198173
20210812_0814nirc2  multi_night 59439.188657 2021.614480            171         0.36075           0.39764        0.07440        0.37500        0.04800      63.08240      7.92799     60.87000      4.04000              123          0.04250          0.40000          0.03000        59.08569        3.35548       58.72000        2.58000 0.9103848353012712 0.19226079988082756
     20210812nirc2 single_night 59438.253441 2021.611919             12         0.45308           0.45333        0.02901        0.45950        0.01850      53.65417      0.86088     53.27500      0.33500               12          0.02981          0.46000          0.02000        53.65417        0.86088       53.27500        0.33500  0.857065544227955 0.25971683158422876
     20210813nirc2 single_night 59439.283322 2021.614739            136         0.37248           0.38983        0.05668        0.38100        0.03350      61.82647      5.65920     60.58500      3.34000              115          0.03976          0.39000          0.03000        59.99478        3.31511       59.67000        2.54000 0.8944165686236465 0.18487216310058407
     20210814nirc2 single_night 59440.293883 2021.617505             23         0.24326           0.27467        0.05153        0.24500        0.04000      75.42783      8.33205     73.55000      5.11000               15          0.03594          0.28000          0.02000        70.27067        4.21862       71.49000        3.04000 1.7931726642022114 0.15162628574947534
     20210815nirc2 single_night 59441.275386 2021.620193             36         0.45967           0.46000        0.03814        0.46650        0.02600      50.15028      1.14406     50.18500      0.99500               36          0.03830          0.47000          0.02000        50.15028        1.14406       50.18500        0.99500 1.1229577497724836 0.15669978521650815
     20210821nirc2 single_night 59447.272654 2021.636612             48         0.39421           0.40911        0.07568        0.42000        0.03700      54.37042     10.14751     51.90000      1.54000               45          0.04966          0.43000          0.03000        52.29911        2.50248       51.85000        1.33000 1.0174854566371914  0.3195607038202167
20220514_0515nirc2  multi_night 59713.548072 2022.365635            252         0.31003           0.39455        0.10799        0.32800        0.07850      70.34750     17.08670     64.57500      7.67000              121          0.05608          0.40000          0.03000        57.99711        2.97726       57.83000        2.20000 0.6566092319844707  0.3081684638622218
     20220514nirc2 single_night 59713.527392 2022.365578            195         0.34005           0.39627        0.10011        0.36000        0.05100      65.70010     14.00467     60.92000      5.02000              118          0.05569          0.40000          0.03000        57.86814        2.90142       57.78000        2.15000 0.6539584284541987 0.31166247603711095
     20220515nirc2 single_night 59714.529767 2022.368322             57         0.20732           0.26550        0.06033        0.19800        0.03700      86.24649     17.12043     83.42000      9.75000               20          0.04489          0.27000          0.04000        69.92850        5.08312       69.13000        5.00500 0.6923144355214186  0.1850238640661701
     20220521nirc2 single_night 59720.498999 2022.384665             51         0.41843           0.42792        0.05700        0.44000        0.02500      56.54863      4.46232     55.64000      2.72000               48          0.04383          0.44000          0.03000        55.81250        3.29171       55.10000        2.25500               -1.0                -1.0
     20220525nirc2 single_night 59724.506966 2022.395639             66         0.37905           0.38982        0.04561        0.38300        0.02950      60.58227      4.68129     59.90000      2.78500               57          0.03576          0.39000          0.03000        59.21281        3.15530       59.63000        2.17000 0.5327985256650241 0.12995085991829858
     20220716nirc2 single_night 59776.316888 2022.537486             77         0.16010           0.22273        0.05603        0.16200        0.03400     103.18455     36.88827     91.28000     12.94000               22          0.02879          0.23000          0.01500        76.48364        3.27908       77.18000        2.17000 0.8629433367161132 0.21198667669602436
20220719_0722nirc2  multi_night 59781.439707 2022.551512            371         0.36059           0.37233        0.04898        0.36700        0.03300      61.26992      4.46475     60.58000      2.71000              317          0.04148          0.38000          0.03000        59.88338        2.91049       59.99000        2.08000               -1.0                -1.0
     20220719nirc2 single_night 59779.353514 2022.545800            143         0.32689           0.33707        0.04397        0.32900        0.03500      64.08790      4.42555     63.48000      2.77000              123          0.03886          0.34000          0.03000        62.77041        2.92213       62.82000        2.05000               -1.0                -1.0
     20220722nirc2 single_night 59782.328728 2022.553946            228         0.38173           0.38664        0.03914        0.38450        0.02450      59.50250      3.47105     58.93500      2.01000              214          0.03519          0.39000          0.02000        58.92491        2.68783       58.65000        1.81500 0.6054248285101236  0.2089786374023986
20220814_0815nirc2  multi_night 59806.197032 2022.619294            196         0.40547           0.46159        0.09738        0.44050        0.05500      59.76107      8.93913     55.78000      3.52500              138          0.04264          0.47000          0.03000        54.75399        2.82521       54.41000        1.82500 0.8272355575544258 0.19989055976621734
20220814_0816nirc2  multi_night 59806.258655 2022.619462            238         0.38747           0.45676        0.10066        0.41700        0.07600      61.43895     10.07972     57.81000      5.29500              148          0.04544          0.47000          0.03000        55.04804        2.98152       54.66000        1.99500 0.8423982345851841 0.23113323596495858
     20220814nirc2 single_night 59805.301547 2022.616842             72         0.29408           0.32694        0.06342        0.29100        0.04600      69.31486      7.93753     68.05500      4.68000               49          0.04464          0.31000          0.03000        64.81776        3.89317       65.28000        3.16000  1.497212012215795  0.6887004894796307
     20220815nirc2 single_night 59806.285800 2022.619537            124         0.47015           0.47098        0.03558        0.47650        0.02350      54.21371      2.43957     54.02500      1.49500              123          0.03446          0.48000          0.02000        54.13089        2.26924       53.96000        1.44000 0.7634683527811733 0.15838705061081879
     20220816nirc2 single_night 59807.275299 2022.622246             42         0.30348           0.33964        0.06782        0.30600        0.05250      69.26905     11.33071     68.12000      4.94500               28          0.04395          0.33000          0.03000        64.06679        4.21333       65.19500        3.73000 0.9845476596162708  0.6685762653714155
20220819_0820nirc2  multi_night 59810.559385 2022.631237            112         0.35079           0.39533        0.08060        0.35200        0.06150      64.14839      8.89614     62.36500      6.22000               75          0.05084          0.40000          0.04000        58.85493        3.97939       58.39000        3.42000 0.8318195617259497  0.3315455383620931
     20220819nirc2 single_night 59810.271446 2022.630449             56         0.40200           0.41549        0.06233        0.41150        0.03550      58.65464      5.88085     56.72000      2.73000               51          0.04295          0.43000          0.03000        57.19922        3.27065       56.61000        2.37000  0.745197074762966  0.3104424543870082
     20220820nirc2 single_night 59811.281543 2022.633214             56         0.29957           0.34062        0.06216        0.30750        0.03750      69.64214      7.95836     68.25500      5.67000               32          0.04130          0.34000          0.02000        63.85750        3.63488       64.22500        2.60000 1.0675538276796581 0.40264982299159613
20230512_0513nirc2  multi_night 60077.439282 2023.361915            395         0.26154           0.32686        0.07665        0.26900        0.06200      76.52278     14.16477     72.51000      7.78000              194          0.03574          0.33000          0.03000        65.88067        3.76683       65.36000        3.13000 0.6560651886266943 0.38916327018043007
     20230512nirc2 single_night 60076.549578 2023.359479            186         0.19860           0.24593        0.05307        0.19600        0.03700      87.00737     13.68586     84.42000      8.71000               81          0.03391          0.24000          0.02000        75.13074        3.99188       75.65000        2.96000 0.8208336519113368  0.7349978819878145
     20230513nirc2 single_night 60077.530454 2023.362164            209         0.31756           0.33092        0.04396        0.32200        0.03400      67.19201      5.25532     66.07000      3.64000              174          0.03494          0.33000          0.03000        65.46937        3.69586       65.09000        2.83500 0.6407413088506999 0.35658291934603453
