             epoch single_multi          MJD       JYear num_frames_all strehl_mean_all strehl_mean_combo strehl_std_all strehl_med_all strehl_mad_all fwhm_mean_all fwhm_std_all fwhm_med_all fwhm_mad_all num_frames_combo strehl_std_combo strehl_med_combo strehl_mad_combo fwhm_mean_combo fwhm_std_combo fwhm_med_combo fwhm_mad_combo      weighted_DIMM       weighted_MASS
------------------ ------------ ------------ ----------- -------------- --------------- ----------------- -------------- -------------- -------------- ------------- ------------ ------------ ------------ ---------------- ---------------- ---------------- ---------------- --------------- -------------- -------------- -------------- ------------------ -------------------
     20050730nirc2 single_night 53581.332743 2005.576544             30         0.06737           0.07444        0.01158        0.06850        0.00850     100.52400     27.88186     93.41000      8.31000                9          0.00685          0.08000          0.00000        81.03556        4.88486       81.81000        2.99000               -1.0                -1.0
     20050731nirc2 single_night 53582.334498 2005.579287             32         0.23475           0.24200        0.03969        0.23850        0.02050      54.42531      5.26215     53.06500      1.72000               30          0.03145          0.24000          0.02000        53.29567        2.10906       52.98500        1.59000               -1.0                -1.0
     20060502nirc2 single_night 53857.552386 2006.332792             22         0.05245           0.05667        0.01097        0.05350        0.00700     102.74182     10.43343    105.13000      8.20000                9          0.01155          0.06000          0.00000        92.33889        6.91382       95.94000        4.23000               -1.0                -1.0
     20090722nirc2 single_night 55034.317925 2009.554601              4         0.11650           0.11500        0.02055        0.12200        0.00850      68.67000      6.54250     65.19500      0.57500                4          0.02179          0.12000          0.01000        68.67000        6.54250       65.19500        0.57500               -1.0                -1.0
     20170507nirc2 single_night 57880.558672 2017.347183            140         0.21210           0.22551        0.03647        0.21500        0.02800      52.45579      4.35281     51.91000      2.79000              107          0.02865          0.23000          0.02000        50.54486        2.60022       50.79000        2.01000 0.6135993016065305 0.17600961967846182
     20170813nirc2 single_night 57978.275391 2017.614717             80         0.16313           0.20319        0.05796        0.18500        0.03650      69.07712     23.81221     58.06000      7.06000               47          0.02289          0.21000          0.02000        54.02404        3.36099       53.43000        2.85000 0.4486926747463292 0.10228919995424901
20170823_0826nirc2  multi_night 57990.142868 2017.647208            101         0.15131           0.17367        0.03248        0.14900        0.02500      64.23050      8.18034     62.85000      5.12000               49          0.02362          0.18000          0.01000        57.57306        3.18608       58.14000        1.98000 0.6845771407569533 0.19433947966037626
     20170823nirc2 single_night 57988.243569 2017.642008              6         0.11050           0.12000        0.01899        0.10700        0.01100      73.96500      7.70039     74.64500      4.26000                3          0.02160          0.11000          0.01000        68.22333        6.79861       72.89000        0.28000 0.9314515379421924  0.3211843384983005
     20170824nirc2 single_night 57989.265903 2017.644807             48         0.15881           0.17214        0.02956        0.16250        0.02200      62.98771      6.20979     62.19000      4.88000               28          0.02582          0.18000          0.01000        58.68357        3.00773       59.15000        2.39500 0.8139271805176924 0.18610788980264578
     20170826nirc2 single_night 57991.252173 2017.650246             47         0.14885           0.17455        0.03244        0.14800        0.02400      64.25702      9.12007     63.68000      5.87000               22          0.02039          0.18000          0.01000        56.62773        3.39432       56.75500        2.60000 0.5255623287791608 0.19202713222421683
20180317_0330nirc2  multi_night 58198.243634 2018.216957            132         0.16964           0.24643        0.06266        0.14650        0.03650      68.98636     11.63876     70.70000      8.59000               42          0.04035          0.25500          0.03500        55.26857        3.30483       54.64000        2.64500               -1.0                -1.0
20180317_0524nirc2  multi_night 58198.243634 2018.216957            187         0.15260           0.24643        0.05984        0.12900        0.02500      72.37305     11.76844     73.58000      7.71000               42          0.04035          0.25500          0.03500        55.26857        3.30483       54.64000        2.64500               -1.0                -1.0
     20180317nirc2 single_night 58194.636177 2018.207081             35         0.25229           0.26714        0.04157        0.26000        0.02700      56.61543      5.79109     54.09000      2.86000               28          0.03022          0.27500          0.01500        54.18786        3.21770       53.52000        2.11500               -1.0                -1.0
     20180322nirc2 single_night 58199.621061 2018.220728             50         0.12110           0.12872        0.01829        0.12000        0.01350      76.70180      6.45552     74.93000      2.97000               39          0.01381          0.13000          0.01000        73.71410        3.15172       73.45000        1.83000 0.8672888959530661   0.583227174098046
     20180330nirc2 single_night 58207.628699 2018.242652             47         0.15972           0.19905        0.04116        0.15600        0.03500      69.99085     11.52529     68.34000      9.51000               21          0.01998          0.19000          0.01000        59.49905        3.50519       58.70000        3.02000 0.9421406126807309 0.28570747837292504
20180519_0524nirc2  multi_night 58261.994383 2018.391497             55         0.11171           0.12139        0.01955        0.11100        0.01300      80.50109      7.22421     79.00000      4.84000               36          0.01512          0.12000          0.01000        76.40944        4.07434       77.01500        2.69500 0.8239304746421208   0.663167631321856
     20180519nirc2 single_night 58257.545059 2018.379316              9         0.10933           0.11286        0.01300        0.11000        0.01300      86.08222      8.08526     83.87000      2.58000                7          0.01161          0.11000          0.01000        82.01429        2.90901       83.43000        2.14000  1.314659403776486  1.1914248796013815
     20180524nirc2 single_night 58262.529535 2018.392962             46         0.11217           0.12187        0.02056        0.11100        0.01300      79.40913      6.50564     78.64000      4.82500               32          0.01570          0.12000          0.01000        75.94625        4.00224       76.45000        2.46000 0.7784367965181326  0.6121286106891689
     20180903nirc2 single_night 58364.258427 2018.671481             84         0.13321           0.14047        0.02217        0.13000        0.01600      69.18667      4.85128     69.35000      3.39000               64          0.01940          0.14000          0.01500        67.21313        3.57547       68.00500        2.68000 1.0106184546631778  0.6369056406232285
     20190513nirc2 single_night 58616.508980 2019.362105             90         0.18870           0.21630        0.04472        0.19100        0.03400      62.88556      9.34284     60.51000      5.22000               54          0.03081          0.22000          0.02000        56.88611        3.29339       56.46000        2.86000 0.8707315107011093 0.19382903283091507
     20210714nirc2 single_night 59409.346783 2021.532777             94         0.05632           0.09382        0.15893        0.08850        0.01350     105.44213     38.08455     96.33500     11.99500               34          0.02497          0.10000          0.01000        83.70647        4.87817       83.91500        3.52000  1.385825391728201  0.9425633533350224
     20220521nirc2 single_night 59720.498474 2022.384664             46         0.24346           0.25049        0.03480        0.25300        0.02350      54.46826      5.24603     53.48500      2.77500               41          0.03052          0.26000          0.02000        52.99317        2.95107       52.85000        2.23000               -1.0                -1.0
     20220525nirc2 single_night 59724.510959 2022.395649             62         0.20003           0.21698        0.04527        0.20250        0.03150      61.15887      8.72186     58.77500      4.18500               43          0.03359          0.22000          0.03000        56.48326        3.45922       55.75000        2.67000 0.5332875304140559 0.13007012936928194
     20220816nirc2 single_night 59807.272498 2022.622238             37         0.15703           0.20231        0.04565        0.14800        0.02800      67.65703      9.42801     67.16000      6.01000               13          0.04353          0.21000          0.02000        58.70692        3.18718       57.91000        1.63000 0.9528991971073207  0.6513948034357262
     20220816nirc2 single_night 59807.272498 2022.622238             37         0.15703           0.20231        0.04565        0.14800        0.02800      67.65703      9.42801     67.16000      6.01000               13          0.04353          0.21000          0.02000        58.70692        3.18718       57.91000        1.63000 0.9528991971073207  0.6513948034357262
     20220816nirc2 single_night 59807.272498 2022.622238             37         0.15703           0.20231        0.04565        0.14800        0.02800      67.65703      9.42801     67.16000      6.01000               13          0.04353          0.21000          0.02000        58.70692        3.18718       57.91000        1.63000 0.9528991971073207  0.6513948034357262
     20220816nirc2 single_night 59807.272498 2022.622238             37         0.15703           0.20231        0.04565        0.14800        0.02800      67.65703      9.42801     67.16000      6.01000               13          0.04353          0.21000          0.02000        58.70692        3.18718       57.91000        1.63000 0.9528991971073207  0.6513948034357262
     20220816nirc2 single_night 59807.272498 2022.622238             37         0.15703           0.20231        0.04565        0.14800        0.02800      67.65703      9.42801     67.16000      6.01000               13          0.04353          0.21000          0.02000        58.70692        3.18718       57.91000        1.63000 0.9528991971073207  0.6513948034357262
     20220816nirc2 single_night 59807.272498 2022.622238             37         0.15703           0.20231        0.04565        0.14800        0.02800      67.65703      9.42801     67.16000      6.01000               13          0.04353          0.21000          0.02000        58.70692        3.18718       57.91000        1.63000 0.9528991971073207  0.6513948034357262
     20220816nirc2 single_night 59807.272498 2022.622238             37         0.15703           0.20231        0.04565        0.14800        0.02800      67.65703      9.42801     67.16000      6.01000               13          0.04353          0.21000          0.02000        58.70692        3.18718       57.91000        1.63000 0.9528991971073207  0.6513948034357262
     20220816nirc2 single_night 59807.272498 2022.622238             37         0.15703           0.20231        0.04565        0.14800        0.02800      67.65703      9.42801     67.16000      6.01000               13          0.04353          0.21000          0.02000        58.70692        3.18718       57.91000        1.63000 0.9528991971073207  0.6513948034357262
     20220816nirc2 single_night 59807.272498 2022.622238             37         0.15703           0.20231        0.04565        0.14800        0.02800      67.65703      9.42801     67.16000      6.01000               13          0.04353          0.21000          0.02000        58.70692        3.18718       57.91000        1.63000 0.9528991971073207  0.6513948034357262
20220819_0820nirc2  multi_night 59810.450659 2022.630940             95         0.20526           0.23423        0.04450        0.20400        0.03200      60.12263      7.61923     58.55000      5.22000               52          0.03427          0.23000          0.02000        54.57500        3.04085       54.38500        2.63000 0.7836551502144169  0.3156955743100376
     20220819nirc2 single_night 59810.273566 2022.630455             50         0.23070           0.23929        0.03761        0.23200        0.02500      55.29380      4.27111     54.38500      2.88000               42          0.03397          0.24000          0.02500        53.87310        2.84115       53.89500        2.02500 0.7296311324676504  0.3054027481789471
     20220819nirc2 single_night 59810.273566 2022.630455             50         0.23070           0.23929        0.03761        0.23200        0.02500      55.29380      4.27111     54.38500      2.88000               42          0.03397          0.24000          0.02500        53.87310        2.84115       53.89500        2.02500 0.7296311324676504  0.3054027481789471
     20220819nirc2 single_night 59810.273566 2022.630455             50         0.23070           0.23929        0.03761        0.23200        0.02500      55.29380      4.27111     54.38500      2.88000               42          0.03397          0.24000          0.02500        53.87310        2.84115       53.89500        2.02500 0.7296311324676504  0.3054027481789471
     20220819nirc2 single_night 59810.273566 2022.630455             50         0.23070           0.23929        0.03761        0.23200        0.02500      55.29380      4.27111     54.38500      2.88000               42          0.03397          0.24000          0.02500        53.87310        2.84115       53.89500        2.02500 0.7296311324676504  0.3054027481789471
     20220819nirc2 single_night 59810.273566 2022.630455             50         0.23070           0.23929        0.03761        0.23200        0.02500      55.29380      4.27111     54.38500      2.88000               42          0.03397          0.24000          0.02500        53.87310        2.84115       53.89500        2.02500 0.7296311324676504  0.3054027481789471
     20220819nirc2 single_night 59810.273566 2022.630455             50         0.23070           0.23929        0.03761        0.23200        0.02500      55.29380      4.27111     54.38500      2.88000               42          0.03397          0.24000          0.02500        53.87310        2.84115       53.89500        2.02500 0.7296311324676504  0.3054027481789471
     20220819nirc2 single_night 59810.273566 2022.630455             50         0.23070           0.23929        0.03761        0.23200        0.02500      55.29380      4.27111     54.38500      2.88000               42          0.03397          0.24000          0.02500        53.87310        2.84115       53.89500        2.02500 0.7296311324676504  0.3054027481789471
     20220819nirc2 single_night 59810.273566 2022.630455             50         0.23070           0.23929        0.03761        0.23200        0.02500      55.29380      4.27111     54.38500      2.88000               42          0.03397          0.24000          0.02500        53.87310        2.84115       53.89500        2.02500 0.7296311324676504  0.3054027481789471
     20220819nirc2 single_night 59810.273566 2022.630455             50         0.23070           0.23929        0.03761        0.23200        0.02500      55.29380      4.27111     54.38500      2.88000               42          0.03397          0.24000          0.02500        53.87310        2.84115       53.89500        2.02500 0.7296311324676504  0.3054027481789471
     20220820nirc2 single_night 59811.279823 2022.633210             45         0.17700           0.19345        0.03303        0.17900        0.01900      65.48800      6.89859     64.47000      4.09000               29          0.02382          0.19000          0.01000        61.46828        3.28603       61.80000        2.67000  1.088071417472922  0.4176255660943329
